2
15 10
129 829 783 704 328 118 41 917 23 239 
813 873 848 928 871 226 495 643 590 96 
244 855 684 24 212 294 132 298 445 512 
203 532 594 762 622 936 911 518 70 563 
466 968 61 26 421 466 77 910 734 277 
455 525 355 821 251 189 369 563 378 212 
629 447 24 866 117 984 715 753 423 863 
997 319 267 736 447 919 338 12 954 221 
7 209 119 476 684 674 316 595 627 27 
416 579 337 139 415 948 892 635 964 76 
491 907 306 646 408 74 734 992 871 207 
149 285 555 442 891 419 406 103 714 88 
302 311 784 28 62 201 188 629 869 940 
726 607 573 487 862 646 99 376 716 594 
242 466 444 918 850 687 394 860 4 730 
