2
80 15
877 332 297 978 88 95 802 567 393 274 652 125 876 42 813 
251 404 164 290 233 629 484 925 334 894 145 467 101 531 986 
307 111 815 441 976 955 486 536 343 677 350 554 166 977 272 
549 844 219 445 465 565 383 539 540 348 816 770 735 410 771 
7 566 172 805 825 668 173 490 556 304 333 358 360 250 14 
292 826 887 292 443 65 394 495 795 694 460 680 608 65 133 
782 314 796 576 264 851 906 143 413 366 512 790 106 884 681 
87 612 732 613 987 613 978 577 600 672 22 975 208 485 925 
2 24 532 580 173 585 820 664 407 298 551 189 223 432 276 
576 7 223 656 581 673 846 701 939 371 276 697 50 763 786 
750 485 933 419 234 329 903 85 271 645 6 803 883 351 798 
500 527 679 614 127 774 196 132 526 586 331 350 603 658 865 
315 158 646 732 397 438 245 808 894 944 333 11 721 810 22 
126 703 280 873 411 138 718 785 391 935 156 262 223 485 391 
439 504 775 322 37 118 28 371 645 171 803 435 194 664 498 
458 411 987 765 547 65 606 914 973 194 627 257 56 596 744 
55 656 182 197 825 563 605 850 462 278 58 548 774 393 909 
23 315 94 293 465 209 438 781 50 56 288 361 916 514 194 
177 453 836 908 890 494 936 379 555 455 743 451 872 725 151 
731 766 211 816 433 453 529 728 825 653 507 419 94 667 132 
624 39 881 85 465 658 858 210 172 19 390 937 70 800 364 
5 65 93 149 341 327 171 185 113 753 480 584 15 91 378 
57 598 781 131 195 530 73 43 19 933 26 659 796 771 508 
865 530 719 975 527 693 90 544 266 507 979 753 512 347 100 
495 576 332 662 326 774 131 995 744 33 805 396 130 571 319 
860 15 354 703 53 161 468 796 857 467 373 986 720 478 864 
161 1000 324 471 164 98 641 672 592 366 422 230 244 420 398 
724 445 70 194 655 565 407 263 111 686 741 741 30 724 683 
368 377 52 984 483 1000 715 808 43 146 12 574 271 120 461 
354 502 963 987 969 924 944 659 69 551 498 537 80 293 156 
643 342 450 632 425 524 866 516 856 55 928 803 630 890 791 
379 281 878 241 841 210 547 587 202 908 389 363 143 254 773 
279 378 617 316 147 961 679 720 792 875 749 215 794 135 755 
483 231 43 406 672 170 315 446 516 236 880 959 137 923 441 
206 709 104 890 357 606 974 261 518 639 916 901 933 207 179 
640 397 205 166 480 244 392 597 840 220 109 119 341 3 9 
385 988 646 814 296 303 774 140 844 46 620 622 901 479 40 
581 311 853 470 115 150 26 683 740 412 27 363 609 696 439 
363 775 636 950 927 543 859 147 837 467 643 617 714 648 925 
285 979 362 80 350 874 982 483 705 561 612 173 950 789 640 
784 445 525 839 762 726 350 509 855 890 247 380 576 475 886 
752 481 46 587 355 121 911 982 54 480 957 506 743 359 341 
196 25 157 394 455 351 170 527 538 939 381 85 217 650 916 
895 415 372 981 678 18 197 816 316 267 515 878 59 203 232 
765 631 222 100 602 390 722 378 109 733 765 772 853 833 953 
496 245 611 522 486 356 619 664 547 934 968 471 509 726 282 
985 216 460 798 786 579 699 624 441 137 440 895 861 322 624 
233 955 551 552 173 896 143 545 80 349 181 460 318 716 273 
811 211 165 497 364 584 841 965 650 58 938 840 778 976 490 
454 585 924 154 921 875 986 371 470 408 4 424 102 307 317 
894 397 737 783 96 115 805 236 879 687 723 625 544 257 513 
651 585 726 272 378 876 663 351 9 519 34 21 917 392 179 
878 317 971 558 9 896 708 242 990 577 449 94 495 235 705 
746 206 118 243 28 204 284 78 119 89 836 321 805 366 524 
315 864 569 61 41 528 704 209 894 931 34 547 110 698 482 
197 539 835 338 708 212 701 774 102 488 876 878 469 591 503 
900 168 42 695 595 913 729 316 57 436 433 799 381 599 991 
881 740 348 16 131 638 269 764 809 647 965 698 767 733 138 
170 42 812 165 336 525 129 523 387 31 346 821 594 648 81 
504 836 364 589 870 918 770 704 244 601 673 631 444 321 93 
734 485 195 597 421 628 893 573 300 486 282 965 802 67 458 
918 47 946 502 475 53 78 288 98 895 409 291 602 624 619 
811 296 358 279 441 151 525 352 338 824 160 427 638 180 497 
327 664 721 139 989 980 946 988 748 258 350 566 188 884 284 
684 552 866 86 982 761 502 863 699 3 598 407 36 175 234 
302 911 442 540 510 741 259 552 146 797 504 469 477 843 904 
831 548 383 616 339 403 523 777 377 44 853 144 402 214 8 
340 564 94 203 369 109 126 953 64 608 522 247 913 798 154 
185 268 220 1000 844 562 722 116 957 752 864 710 791 534 774 
297 523 315 844 49 672 583 168 778 161 806 588 647 735 379 
74 46 26 217 680 428 490 127 284 159 788 492 603 850 376 
735 780 333 940 361 459 173 761 43 184 27 773 123 165 863 
854 882 895 869 685 682 761 348 959 281 648 817 547 738 794 
58 757 697 511 81 832 10 411 269 924 506 718 744 715 321 
839 891 681 766 845 73 300 713 786 475 797 911 409 682 478 
958 621 940 867 797 838 909 389 870 240 782 454 246 535 152 
942 317 964 642 656 408 790 731 981 777 410 346 216 600 453 
299 971 471 210 546 512 115 290 616 980 796 585 629 573 100 
941 984 558 903 926 551 998 979 131 217 302 662 616 729 583 
45 255 128 843 616 569 464 879 490 227 841 527 318 960 607 
