2
20 10
196 413 174 283 711 838 965 65 604 720 
815 205 299 615 9 415 326 40 891 603 
129 98 571 816 649 983 80 395 179 418 
820 867 739 149 357 48 797 822 115 731 
920 509 411 246 735 593 30 764 551 868 
5 72 612 653 360 897 194 225 775 580 
772 207 587 983 332 269 574 386 642 518 
122 444 792 25 78 175 30 392 852 156 
371 681 642 285 685 601 544 845 252 631 
588 979 527 436 5 952 819 221 254 422 
289 169 859 832 28 397 595 516 581 379 
237 768 852 562 824 342 170 157 68 579 
147 796 743 509 35 81 63 744 729 846 
64 712 341 383 597 307 227 872 645 729 
159 326 262 860 34 506 610 932 394 609 
744 519 925 952 461 993 207 964 462 662 
227 921 164 539 93 557 195 376 393 514 
895 180 308 317 467 93 935 860 269 275 
174 185 7 143 111 267 102 126 631 227 
711 597 533 650 11 167 456 928 951 173 
