2
10 25
156 587 633 736 26 384 118 774 756 998 518 532 26 345 152 113 737 122 519 67 154 49 77 600 129 
239 648 596 967 670 628 289 252 40 69 820 729 719 341 308 575 61 364 523 821 794 761 788 157 909 
457 218 893 852 593 44 664 463 56 281 612 54 337 278 631 154 184 696 476 135 911 5 318 550 672 
191 785 370 140 509 582 41 247 120 10 340 238 283 125 128 489 161 471 952 938 400 308 895 735 972 
539 167 682 176 946 92 199 789 518 545 183 488 741 701 309 280 572 582 746 428 760 819 296 310 618 
748 890 174 879 519 259 80 544 935 987 211 580 701 99 601 882 361 8 375 390 607 574 978 57 667 
904 229 261 700 74 682 990 763 916 264 467 267 891 229 102 3 687 474 755 939 760 9 158 782 499 
40 407 33 172 685 427 227 282 594 938 108 358 126 589 744 372 612 899 813 605 963 127 934 670 24 
127 705 738 739 721 979 97 375 363 88 881 739 637 804 410 314 718 860 303 70 218 694 771 110 618 
968 272 467 51 887 41 892 382 831 670 189 403 117 813 599 18 449 965 822 172 760 841 835 117 799 