2
40 15
710 773 365 683 399 612 387 858 45 392 379 574 742 888 129 
798 552 116 188 944 160 264 293 972 328 362 68 424 263 842 
382 527 115 480 491 56 730 815 459 400 333 682 848 267 77 
812 749 148 906 878 931 702 534 59 687 224 759 422 210 101 
806 704 808 422 112 704 568 935 10 179 981 548 519 328 359 
205 865 251 744 64 871 655 391 670 363 682 70 495 15 909 
463 620 651 971 844 93 145 730 308 494 268 118 953 105 46 
574 624 594 855 862 471 153 663 443 113 69 444 487 539 301 
411 884 827 13 988 744 142 226 29 937 599 874 478 802 348 
411 467 800 45 373 560 148 562 510 586 205 293 402 723 339 
988 361 72 230 103 517 330 504 942 165 598 430 240 645 639 
589 431 649 491 552 194 86 946 131 733 207 972 711 132 389 
36 581 158 430 333 935 582 670 163 230 282 330 949 453 9 
934 63 382 183 938 91 367 500 788 765 860 264 214 534 723 
261 840 398 372 600 159 738 648 376 821 411 804 63 181 12 
921 989 907 994 24 574 693 415 385 14 815 957 642 711 661 
944 12 12 223 5 369 685 872 540 359 272 5 853 494 883 
435 798 226 978 395 882 29 67 26 431 305 863 867 803 626 
741 972 370 658 730 562 406 161 130 845 490 92 838 359 850 
295 975 768 725 814 535 832 165 748 97 535 852 736 225 291 
614 89 881 845 319 275 5 967 144 740 1 494 337 872 875 
619 493 675 641 804 525 659 292 880 834 649 876 702 972 953 
225 357 385 429 496 654 673 298 427 396 73 575 459 923 364 
785 71 158 825 685 967 752 684 755 303 98 578 110 315 189 
716 521 479 809 160 813 202 641 21 570 558 631 651 609 445 
645 952 474 700 571 373 767 804 507 565 137 550 656 679 501 
549 682 424 20 726 816 28 720 157 769 444 505 381 898 97 
50 525 299 986 994 533 153 759 938 869 407 360 720 518 540 
120 895 290 294 34 717 611 58 920 884 771 200 934 160 109 
147 710 49 921 606 924 89 106 745 64 276 680 948 887 966 
887 775 908 492 362 537 255 152 812 90 395 201 367 734 79 
226 262 443 596 41 428 482 28 109 43 83 23 509 880 383 
380 971 785 822 14 822 767 332 349 482 385 166 881 283 260 
222 201 722 208 372 890 244 376 711 787 109 708 981 65 89 
816 176 775 909 654 764 581 131 437 743 1000 230 205 853 999 
99 430 785 641 104 188 79 968 790 352 600 54 679 563 882 
262 532 368 597 58 90 150 419 797 922 387 727 265 362 966 
874 463 246 154 264 366 821 433 928 128 858 133 731 30 543 
490 789 869 558 656 716 206 619 688 322 347 249 53 552 695 
224 75 975 770 470 208 500 202 274 107 927 361 662 846 828 
