2
10 15
883 584 691 323 477 54 684 370 921 585 206 850 875 376 141 
185 654 691 829 651 977 973 243 517 276 121 751 427 209 474 
157 195 179 651 749 631 662 70 308 53 808 458 120 232 733 
207 81 330 612 742 344 84 337 765 725 887 871 102 817 650 
222 959 479 404 387 615 579 338 152 836 272 778 993 538 39 
697 323 737 525 632 738 320 920 169 715 3 464 625 774 962 
261 875 856 743 898 716 288 941 870 512 316 285 222 4 813 
191 372 861 542 337 356 848 378 645 769 500 897 483 670 460 
449 563 96 620 113 970 83 844 385 967 952 305 154 192 593 
308 506 263 31 462 538 262 195 905 692 857 478 929 505 396 
