2
100 15
561 905 907 477 309 951 423 428 70 916 596 237 736 634 114 
146 963 241 410 513 490 449 98 350 785 882 474 359 283 526 
907 862 423 609 957 403 640 810 699 120 159 294 71 470 971 
623 969 561 527 638 533 523 680 37 977 472 389 350 103 678 
53 939 50 468 581 760 488 526 770 418 734 308 311 481 175 
161 604 50 813 532 61 491 963 365 990 322 500 800 208 568 
762 815 86 952 836 556 929 679 434 776 479 570 946 468 723 
800 794 106 453 14 643 312 943 804 808 426 528 515 793 597 
684 896 44 529 195 859 92 651 500 93 373 632 462 677 782 
676 37 970 124 16 724 776 872 434 997 90 587 864 378 320 
737 666 779 619 322 574 744 704 356 287 48 621 241 376 540 
287 179 944 729 186 429 866 362 412 964 269 348 627 364 366 
439 317 6 926 181 43 333 280 229 806 479 179 842 796 909 
621 471 677 900 423 327 989 642 201 225 916 387 771 716 422 
431 335 711 589 858 669 224 604 272 796 873 816 571 564 586 
608 853 158 731 873 841 1 799 274 554 117 181 588 384 768 
619 573 704 798 779 280 921 894 822 271 342 689 908 83 527 
752 780 416 422 149 959 822 635 915 646 745 265 404 301 473 
791 600 264 367 329 667 703 949 34 680 481 279 14 331 142 
555 147 8 268 286 521 672 765 756 530 680 598 305 995 710 
77 79 133 126 254 143 734 365 566 686 730 19 379 835 207 
25 487 989 364 634 504 116 476 677 672 903 612 589 319 533 
35 614 57 332 631 157 788 186 439 799 510 26 794 112 962 
294 277 626 831 892 85 466 866 457 662 870 65 379 200 794 
828 863 407 349 414 665 87 600 798 384 870 978 676 164 520 
792 710 944 903 391 510 26 686 494 451 685 788 664 305 235 
334 702 848 119 269 344 851 812 739 607 175 366 265 620 529 
929 121 350 224 697 969 212 164 115 382 31 870 815 453 371 
789 558 44 308 888 981 398 137 298 542 345 494 275 671 124 
36 139 924 409 99 322 790 157 835 551 604 544 706 44 744 
477 990 993 233 718 297 677 986 98 385 431 180 416 53 747 
277 789 250 541 968 671 705 586 862 849 479 567 40 387 422 
277 93 421 98 181 952 126 251 960 912 181 332 52 170 395 
461 857 591 0 502 452 63 67 483 942 744 100 375 21 847 
877 871 424 103 702 53 658 549 552 582 790 365 550 533 503 
333 155 738 730 267 669 724 546 441 456 974 306 460 9 242 
333 918 968 877 38 422 920 125 41 798 777 345 96 54 86 
169 298 972 96 10 810 344 271 711 391 17 495 951 504 562 
648 424 13 800 132 533 470 7 49 114 367 555 334 490 355 
623 279 891 689 372 651 773 624 111 16 696 430 52 149 903 
805 572 288 859 5 343 722 119 521 196 905 540 41 181 892 
325 846 278 89 444 530 467 885 547 432 813 798 461 149 745 
883 283 799 522 596 719 211 745 306 684 28 95 216 595 886 
408 235 679 622 743 723 990 978 676 687 648 470 762 680 826 
572 821 885 875 873 46 688 166 408 910 758 884 35 945 720 
903 919 189 115 581 958 542 508 199 951 355 354 247 915 890 
726 109 565 517 229 182 336 801 610 516 323 127 249 196 334 
364 184 152 958 843 359 753 518 959 501 31 422 529 883 790 
861 974 455 945 484 941 135 286 329 397 185 616 306 742 789 
447 27 634 920 440 690 319 284 547 100 902 649 130 315 39 
61 840 778 720 260 627 57 88 674 296 631 854 700 896 194 
450 251 118 459 526 964 950 166 86 876 916 263 468 158 769 
10 338 570 6 583 631 366 786 210 591 312 360 943 743 571 
695 479 319 556 956 288 867 987 826 640 990 639 956 194 481 
278 752 836 653 57 367 375 691 160 57 26 951 536 785 417 
789 974 56 640 380 911 794 749 596 102 269 640 195 915 211 
492 676 350 155 599 517 742 498 868 26 868 248 263 318 514 
597 808 991 289 322 700 274 716 240 900 474 626 991 793 822 
877 43 680 624 69 474 69 720 428 997 211 69 480 201 173 
145 662 41 138 660 260 21 804 913 139 462 230 739 960 496 
69 768 639 112 890 300 615 519 25 658 65 990 44 97 274 
51 295 145 723 628 907 2 939 368 698 406 638 977 848 656 
127 573 378 727 770 537 954 930 881 610 87 942 361 976 457 
789 418 276 741 671 400 155 557 842 556 940 609 611 864 331 
575 859 134 143 361 748 72 173 909 867 651 185 700 891 696 
711 633 655 695 200 27 375 922 561 513 523 99 560 332 63 
749 509 406 885 259 46 103 178 746 968 780 917 736 920 352 
373 864 715 729 561 185 588 437 419 989 669 692 835 50 510 
35 464 418 842 275 606 741 156 400 64 222 212 140 129 501 
115 491 405 823 486 465 977 251 657 84 766 904 777 863 956 
728 440 145 116 109 435 730 244 65 547 638 248 64 869 657 
8 148 645 528 1000 301 8 409 251 842 871 173 970 806 883 
207 791 90 233 376 305 139 675 109 323 297 742 340 839 404 
406 538 281 49 419 168 114 731 38 233 127 4 864 650 646 
862 672 884 194 261 730 486 373 363 376 860 568 232 208 636 
242 450 366 166 325 236 953 801 418 398 843 83 868 629 611 
930 685 214 575 956 429 401 157 635 515 132 135 331 164 696 
314 72 231 153 363 296 881 147 332 177 27 406 932 330 263 
100 453 420 171 267 141 665 990 685 422 700 722 623 565 482 
768 776 469 474 65 94 930 96 780 288 501 304 25 996 540 
170 197 104 121 80 802 200 949 46 773 888 748 479 683 717 
750 181 803 411 485 806 518 824 767 397 283 666 675 339 695 
251 832 60 107 959 600 929 640 562 957 63 212 737 282 251 
665 98 407 80 386 511 71 974 54 482 972 382 749 443 145 
727 923 893 507 951 342 540 626 615 375 29 69 916 35 252 
323 767 873 26 116 373 642 329 200 166 168 474 560 474 840 
297 216 855 572 678 589 781 136 222 404 18 996 844 951 643 
104 690 934 240 529 159 110 583 897 126 613 224 743 992 980 
902 837 479 452 562 555 711 709 429 254 38 763 616 12 37 
532 506 364 325 891 15 596 67 169 797 715 943 32 422 326 
370 387 962 332 636 191 885 946 901 329 915 186 675 337 777 
20 192 55 926 310 844 798 394 886 655 93 400 566 446 92 
968 430 603 150 485 826 194 260 881 702 958 71 52 812 255 
840 998 854 864 730 756 301 254 496 805 689 823 926 865 335 
67 386 137 953 422 684 396 48 767 620 626 261 389 114 822 
903 906 669 114 803 463 454 648 949 946 298 652 27 249 787 
954 906 131 759 417 938 753 855 703 153 762 883 466 971 919 
460 792 810 159 475 22 862 90 871 266 995 224 606 187 640 
994 134 917 252 301 915 610 488 225 706 389 72 442 511 730 
797 518 488 654 501 609 835 764 400 442 705 812 817 182 860 
