2
10 20
109 61 638 1 136 644 518 100 13 94 235 645 982 962 16 335 216 967 484 20 
446 64 232 516 137 195 384 77 845 169 260 244 460 52 835 851 168 354 434 768 
80 720 526 190 949 764 845 4 357 365 897 800 548 707 176 32 678 31 685 64 
845 14 700 934 240 924 857 950 632 329 868 121 70 323 5 182 947 839 811 389 
712 294 213 548 867 56 433 424 344 860 817 300 436 319 936 394 682 826 616 231 
289 367 584 931 579 885 719 112 437 729 867 510 305 107 514 422 52 505 802 855 
684 481 258 832 340 773 941 931 707 289 965 994 190 64 662 511 90 984 390 23 
777 65 942 387 397 965 701 955 309 90 584 847 733 973 792 317 326 180 947 28 
160 7 615 152 739 238 707 211 908 416 203 59 177 612 834 143 697 521 759 603 
817 853 530 816 712 705 827 503 35 252 673 340 792 808 849 184 274 562 329 555 
