2
120 15
948 632 33 765 177 831 511 824 563 268 24 844 338 65 203 
302 915 935 376 297 433 138 700 729 859 692 348 474 969 544 
618 621 459 445 758 929 85 433 186 53 540 996 212 556 942 
288 901 730 281 695 94 995 740 686 800 410 364 306 529 348 
152 49 852 674 878 583 644 645 7 363 949 336 521 486 253 
768 5 992 299 20 73 905 836 859 138 742 472 746 488 313 
747 792 921 939 498 892 76 311 327 686 328 354 315 592 346 
56 270 344 115 339 773 364 506 374 623 326 992 288 208 440 
621 303 889 362 600 243 356 4 264 528 457 443 265 912 918 
773 147 985 696 45 650 210 16 441 172 449 694 504 2 38 
203 824 827 674 610 526 596 575 536 274 240 793 359 477 773 
25 562 142 879 618 546 344 196 573 472 787 918 457 676 287 
372 3 99 51 667 15 715 621 892 98 534 418 895 159 676 
220 625 192 664 372 771 229 523 861 927 332 407 733 226 604 
572 178 975 915 101 517 431 655 663 683 900 206 900 743 931 
305 864 45 5 173 641 382 610 391 344 343 907 198 832 748 
657 641 939 535 197 330 123 480 855 733 704 942 322 630 598 
453 160 185 770 320 23 952 501 896 639 214 44 519 919 450 
637 522 870 440 818 7 294 779 942 44 14 228 143 629 233 
765 671 626 158 485 673 314 44 124 979 704 784 137 660 706 
603 847 357 284 186 468 242 251 838 603 187 601 635 794 259 
117 790 867 767 441 777 569 961 847 246 183 436 994 493 736 
420 201 398 922 313 888 984 908 671 130 943 780 440 51 24 
522 576 489 469 838 0 918 294 845 260 808 699 738 389 770 
124 783 371 171 850 111 16 780 424 476 317 504 888 999 323 
973 56 96 385 63 798 626 288 425 659 832 44 548 480 830 
724 845 969 993 895 20 530 802 460 536 649 330 922 246 739 
352 821 438 388 379 906 448 141 129 37 116 160 588 374 274 
256 129 997 572 831 169 275 793 513 548 879 754 267 797 272 
833 394 987 577 891 900 861 210 158 949 790 520 646 720 603 
786 574 837 329 422 145 248 875 1 563 959 3 631 507 715 
749 624 792 902 727 699 712 385 282 486 987 872 580 773 855 
187 927 877 62 116 3 215 42 595 152 762 502 82 770 61 
507 659 559 251 369 250 902 254 608 331 284 423 507 495 637 
106 668 498 678 302 974 573 512 159 852 272 479 657 963 292 
789 481 147 382 78 918 115 595 843 616 366 842 162 242 97 
69 647 247 980 994 982 771 273 678 493 949 380 912 658 68 
194 291 424 381 526 674 61 609 846 815 890 836 846 707 460 
980 671 557 981 118 376 721 344 654 229 455 454 849 525 381 
116 552 897 358 448 725 746 196 392 514 876 921 915 260 708 
156 803 471 464 386 493 368 794 800 72 127 721 359 44 25 
871 85 955 973 415 830 824 113 127 537 324 86 184 27 688 
431 990 457 645 934 326 631 262 147 782 378 64 531 980 478 
407 563 717 181 442 263 601 179 564 70 552 819 283 323 611 
828 961 867 360 616 726 471 804 714 111 230 400 13 85 923 
678 145 593 959 933 189 523 799 172 438 428 583 77 62 126 
808 597 182 899 931 838 662 57 479 41 553 91 528 977 339 
555 18 126 929 391 876 118 154 291 277 948 934 634 520 12 
276 971 422 571 404 170 867 21 719 869 966 711 634 23 324 
815 196 347 260 979 437 766 617 752 419 729 370 141 650 748 
184 242 924 34 695 102 464 864 218 748 444 480 632 844 694 
386 666 517 412 543 22 764 169 229 484 639 505 112 234 682 
159 547 174 926 148 598 41 675 435 934 247 569 70 414 859 
718 304 597 918 734 141 75 588 559 103 615 191 403 855 941 
981 822 785 645 548 327 233 765 479 887 949 87 480 680 970 
97 702 791 911 464 208 804 849 877 313 715 629 173 412 386 
769 355 297 346 857 88 258 111 812 326 812 319 844 428 739 
219 577 353 165 731 727 526 618 528 71 656 521 526 806 901 
989 471 582 484 621 941 902 233 866 15 239 351 339 797 813 
782 397 537 176 325 289 956 822 745 539 809 509 270 771 733 
534 89 934 632 319 723 306 583 419 845 337 438 572 49 824 
413 509 336 404 795 982 63 193 192 457 987 854 349 744 632 
645 112 167 556 411 312 504 389 759 117 654 705 881 81 388 
870 263 848 587 73 428 319 346 974 439 253 201 334 609 941 
589 173 975 483 298 913 912 643 433 916 815 823 306 749 565 
709 547 159 350 914 371 416 254 345 561 697 666 576 512 485 
666 712 978 527 500 78 466 828 705 533 828 539 967 574 65 
201 697 586 137 575 851 487 630 174 275 449 97 355 926 79 
631 901 775 718 894 550 430 414 575 777 373 442 302 901 625 
142 173 904 172 300 701 983 680 247 793 33 584 405 963 819 
887 272 604 123 513 441 270 811 999 1 752 931 720 294 519 
522 214 80 221 723 49 524 922 56 682 284 442 102 765 833 
143 69 858 967 920 173 576 213 297 305 679 917 1000 911 208 
113 800 579 157 714 352 486 339 910 459 759 879 182 732 498 
5 4 2 63 28 386 480 944 57 955 220 487 670 297 285 
862 236 398 333 997 518 608 406 355 574 420 268 901 71 159 
722 844 133 700 115 455 228 768 767 780 23 924 300 542 499 
261 419 248 695 250 838 170 203 450 655 354 911 343 937 218 
936 537 573 291 130 836 260 561 119 364 593 543 178 731 877 
837 125 908 768 943 483 603 613 517 405 242 762 155 786 962 
44 139 965 463 442 545 650 799 975 699 704 891 973 462 241 
178 606 596 689 280 892 136 845 233 713 79 401 866 855 155 
293 386 101 737 116 627 423 726 279 182 229 866 659 982 981 
479 295 494 987 563 759 825 93 296 379 592 371 868 715 479 
233 210 904 18 189 816 625 584 587 691 485 382 962 39 552 
135 966 266 735 236 998 586 356 168 363 347 99 547 884 826 
546 438 623 361 631 575 171 85 286 511 845 584 815 914 243 
507 284 905 500 54 442 335 436 913 458 871 56 566 147 515 
246 139 903 49 398 968 260 800 846 755 936 399 4 743 983 
999 843 574 154 611 707 975 155 296 633 307 647 447 516 697 
507 373 178 384 107 54 844 363 376 58 648 862 743 815 210 
257 592 636 414 625 551 23 651 256 858 344 622 792 433 970 
307 383 245 859 970 583 999 442 84 713 758 16 258 412 679 
930 440 755 549 184 239 174 723 897 296 991 817 391 220 871 
658 938 410 285 853 311 708 104 120 476 593 41 364 915 460 
837 491 741 969 624 133 447 633 483 918 464 970 114 436 631 
306 742 144 397 655 667 266 658 86 205 615 798 363 854 609 
97 628 76 554 140 43 501 748 982 702 523 789 691 11 684 
818 480 86 912 891 574 580 340 478 591 768 829 432 262 562 
698 84 959 541 567 916 533 506 300 898 29 677 559 658 788 
633 295 524 352 414 363 873 550 460 967 296 852 98 774 780 
383 935 794 455 864 690 645 341 137 248 426 312 984 493 648 
966 446 88 41 430 509 505 576 218 819 743 787 936 678 555 
612 368 683 926 878 164 913 383 864 465 259 976 439 697 318 
265 86 260 695 807 13 831 74 968 69 64 882 835 138 505 
664 242 68 511 853 79 489 19 26 471 821 911 15 480 524 
521 806 888 214 724 893 585 107 347 962 859 333 300 7 236 
320 435 124 344 557 31 574 548 358 335 465 97 621 291 13 
665 887 837 850 94 908 629 700 340 965 231 509 364 876 982 
99 638 693 168 25 640 301 983 247 138 814 237 415 149 139 
823 398 859 397 760 26 624 84 20 405 384 816 822 52 961 
829 21 272 789 644 32 818 465 607 443 238 252 866 699 413 
358 870 347 784 2 606 668 356 52 179 12 462 52 938 405 
655 483 378 780 118 362 149 171 447 712 676 915 15 437 239 
454 161 33 687 320 652 520 159 938 145 848 570 663 37 176 
928 324 288 838 513 92 589 967 229 930 630 148 967 990 420 
511 339 574 108 189 713 138 564 116 986 776 154 591 964 403 
461 785 99 47 229 985 749 643 732 29 107 999 278 177 864 
163 694 500 64 662 574 977 799 146 625 917 415 253 362 952 
802 621 100 227 634 356 787 245 607 61 693 727 201 810 66 
