2
60 15
666 926 577 129 920 460 492 379 106 50 119 52 24 378 986 
797 274 942 359 444 512 257 118 766 296 322 754 376 30 473 
266 434 409 521 355 937 821 942 972 85 785 143 765 684 685 
818 951 90 719 473 298 275 61 501 674 572 442 351 545 471 
458 101 943 831 404 159 548 527 133 516 444 162 636 266 663 
278 591 786 371 667 391 565 10 658 482 881 244 236 569 783 
534 658 501 531 220 222 905 501 150 629 841 137 197 531 17 
501 16 831 218 947 793 337 761 30 648 811 197 819 368 172 
383 381 69 952 624 611 200 559 16 602 597 174 597 176 359 
9 26 444 976 998 39 273 367 211 80 230 278 942 998 890 
494 847 436 963 117 110 65 9 12 322 492 927 339 359 745 
815 722 416 413 617 693 435 172 736 672 765 558 31 12 284 
374 982 624 332 860 575 218 114 306 289 279 859 799 545 529 
858 928 653 633 884 511 122 574 541 440 635 624 842 793 244 
20 571 352 8 793 51 709 838 341 995 860 667 541 667 796 
777 983 625 776 123 300 159 779 737 487 476 765 220 207 311 
247 811 58 288 288 195 448 300 447 453 265 462 446 220 571 
813 956 472 542 46 20 793 950 125 846 249 419 281 79 300 
945 682 545 5 997 853 278 683 27 787 46 630 141 584 853 
963 379 391 265 379 365 495 55 42 690 305 454 925 782 741 
436 117 469 585 201 932 142 571 497 633 688 759 38 125 319 
807 393 486 828 57 518 603 599 762 72 618 254 617 587 45 
707 58 88 655 634 962 53 916 250 885 842 413 958 304 71 
908 268 140 667 547 305 793 961 468 98 531 507 721 362 388 
451 153 734 416 412 746 603 88 912 617 772 880 178 739 686 
421 462 150 303 937 833 780 100 314 107 952 149 155 305 117 
572 28 870 337 648 322 281 86 339 716 949 373 409 469 878 
629 72 117 963 247 8 420 615 918 401 956 797 569 853 718 
238 475 74 197 205 286 776 851 281 181 149 178 310 321 484 
937 306 430 767 81 804 167 340 721 2 895 737 164 423 456 
380 365 937 135 434 549 263 259 777 538 207 279 829 23 246 
742 564 271 410 138 46 899 340 776 833 45 562 239 43 721 
886 160 923 956 601 610 862 302 850 839 623 314 202 790 278 
836 963 217 589 245 271 881 848 252 847 784 144 857 976 854 
641 447 388 818 103 760 17 219 549 121 995 775 4 930 498 
447 242 397 667 438 455 288 887 369 284 593 567 9 119 417 
272 581 110 671 763 122 370 816 358 331 11 297 500 630 78 
52 374 724 137 78 342 859 788 382 888 583 783 38 272 782 
807 275 577 89 31 997 833 755 4 972 525 594 106 454 1000 
812 768 91 845 896 385 884 154 448 882 789 730 715 494 619 
947 394 218 757 688 24 395 750 611 467 759 726 305 368 967 
779 248 137 564 642 774 768 957 409 774 350 362 361 723 131 
855 113 37 89 669 650 975 845 403 385 221 320 369 190 535 
862 104 141 520 728 30 737 580 757 254 236 254 492 658 482 
608 981 937 472 314 918 417 752 391 753 362 0 95 261 598 
133 911 512 36 963 599 519 104 185 802 827 753 790 50 77 
98 157 923 570 858 700 659 350 385 209 335 503 62 984 567 
840 360 806 50 203 462 448 30 146 964 104 315 106 316 755 
706 597 776 772 334 23 522 532 158 597 728 262 92 106 831 
121 840 534 561 244 676 80 826 17 354 802 816 533 791 345 
49 699 337 345 164 626 166 731 197 273 243 501 593 500 632 
699 290 389 933 915 241 723 33 703 445 848 159 175 61 848 
142 132 404 208 950 516 944 404 690 977 6 36 803 228 940 
398 403 132 625 476 763 120 980 29 631 178 438 695 396 313 
420 583 159 786 533 609 572 705 219 985 88 921 261 420 807 
971 75 283 832 738 917 31 692 319 170 995 191 347 957 799 
894 352 678 753 0 292 298 999 257 451 321 222 887 967 475 
389 458 812 367 561 389 430 447 513 996 942 860 50 807 439 
2 309 849 863 421 311 677 951 950 290 972 76 620 2 552 
456 576 46 538 657 759 463 372 907 64 38 919 325 504 266 
