2
25 10
337 462 329 729 664 160 856 58 357 435 
914 208 9 398 70 334 576 198 53 672 
321 284 198 505 116 122 568 854 826 811 
772 948 466 861 91 717 240 391 907 342 
139 604 265 620 116 346 46 817 465 40 
761 332 386 79 491 64 601 234 739 894 
119 126 824 209 713 590 274 225 196 640 
27 188 73 155 463 403 738 244 733 971 
865 613 319 336 494 561 62 439 353 737 
370 991 258 105 151 482 514 989 92 889 
319 629 263 890 474 97 686 984 990 789 
607 62 463 153 951 181 389 128 910 833 
556 199 759 579 790 336 478 621 505 89 
530 516 850 870 674 123 282 370 394 517 
38 4 899 340 251 787 958 106 284 986 
372 182 826 884 711 946 835 542 417 30 
609 364 709 460 524 19 285 543 859 626 
911 741 843 435 722 635 477 648 875 219 
986 416 854 143 563 367 10 482 142 3 
411 56 884 463 679 133 329 279 171 939 
131 248 862 839 512 605 484 367 977 892 
381 93 334 829 100 356 117 137 182 525 
202 634 695 847 758 617 512 961 472 735 
294 109 142 844 450 93 443 46 489 623 
696 529 179 191 815 188 347 20 983 576 
