2
20 15
31 405 867 740 877 760 63 278 743 90 919 323 794 857 104 
927 805 408 497 482 453 105 508 440 817 707 360 683 330 816 
200 44 777 642 776 446 955 152 303 536 298 328 842 566 746 
139 177 30 620 154 303 420 933 396 531 435 993 808 25 925 
619 286 266 149 500 140 179 437 442 754 511 646 515 592 20 
346 228 289 426 766 32 324 967 297 206 826 822 228 356 40 
394 100 993 890 805 311 622 552 665 532 973 903 651 200 25 
589 107 72 72 854 834 205 318 311 156 517 111 499 964 267 
511 297 461 469 817 883 97 539 781 540 304 515 85 566 972 
431 36 210 852 281 714 674 301 290 4 28 546 278 7 881 
420 965 264 226 922 33 214 808 308 328 955 308 245 27 220 
362 377 337 59 703 879 201 15 30 997 636 183 739 625 115 
824 611 434 480 474 420 697 931 739 152 950 478 618 346 631 
696 146 892 736 832 165 589 589 826 359 235 744 853 480 955 
323 172 880 471 833 675 723 104 296 896 554 393 808 794 253 
692 389 994 387 858 804 699 375 111 928 557 690 425 528 135 
581 114 412 758 443 626 136 753 67 452 26 91 883 906 960 
731 89 690 211 225 804 635 304 1000 177 252 837 673 593 68 
463 931 701 247 624 851 825 11 194 355 33 625 355 143 539 
189 491 737 843 517 815 894 264 852 809 965 448 888 44 566 
